3	6	0	-5.890966002
3	6	9	-5.890486683
3.1	6	0	2.888846213
3.1	6	9	-3.87063815
3.2	6	0	2.151677659
3.2	6	9	-2.733484754
3.3	6	0	1.472310188
3.3	6	9	-2.104972457
3.4	6	0	0.9167986
3.4	6	9	-1.728190699
3.4	6	18	-2.091022903
3.4	6	27	-6.739492155
3.4	12	0	0.877744912
3.4	12	9	-1.70466657
3.4	12	18	-2.057078259
3.4	12	27	-6.427200966
3.4	18	0	0.845383533
3.4	18	9	-1.684086261
3.4	18	18	-1.923422435
3.4	18	27	-4.727724352
3.4	24	0	0.825849389
3.4	24	9	-1.67026488
3.4	24	18	-1.887227147
3.4	24	27	-4.212293285
3.4	30	0	0.820833289
3.4	30	9	-1.664082205
3.4	30	18	-1.874008216
3.4	30	27	-2.431998659
3.5	6	0	0.498383392
3.5	6	9	-1.477976987
3.5	6	18	-1.77641373
3.5	6	27	-2.908285403
3.5	12	0	0.468936359
3.5	12	9	-1.464471726
3.5	12	18	-1.749266847
3.5	12	27	-3.54492551
3.5	18	0	0.443392031
3.5	18	9	-1.455212292
3.5	18	18	-1.668808256
3.5	18	27	-2.886922114
3.5	24	0	0.427741259
3.5	24	9	-1.440518229
3.5	24	18	-1.648043794
3.5	24	27	-2.683547022
3.5	30	0	0.423972043
3.5	30	9	-1.438610749
3.5	30	18	-1.640840076
3.5	30	27	-1.805421641
3.6	6	0	0.20542281
3.6	6	9	-1.285589215
3.6	6	18	-1.581456438
3.6	6	27	-2.214548754
3.6	12	0	0.183863714
3.6	12	9	-1.276677024
3.6	12	18	-1.565538267
3.6	12	27	-2.124291602
3.6	18	0	0.164031873
3.6	18	9	-1.268257754
3.6	18	18	-1.518765332
3.6	18	27	-1.599120703
3.6	24	0	0.151669396
3.6	24	9	-1.262839985
3.6	24	18	-1.50499003
3.6	24	27	-1.559006781
3.6	30	0	0.148850528
3.6	30	9	-1.261237978
3.6	30	18	-1.500688974
3.6	30	27	-1.545622269
3.7	6	0	0.016590357
3.7	6	9	-1.120224363
3.7	6	18	-1.442034612
3.7	6	27	-1.87137123
3.7	6	36	-4.670780488
3.7	12	0	0.001103286
3.7	12	9	-1.114468394
3.7	12	18	-1.428145113
3.7	12	27	-1.808522339
3.7	12	36	-4.234749372
3.7	18	0	-0.013936245
3.7	18	9	-1.110201882
3.7	18	18	-1.402388467
3.7	18	27	-1.732881646
3.7	18	36	-3.700360273
3.7	24	0	-0.023565445
3.7	24	9	-1.106842596
3.7	24	18	-1.392111412
3.7	24	27	-1.450774856
3.7	24	36	-3.285637348
3.7	30	0	-0.02558577
3.7	30	9	-1.106249674
3.7	30	18	-1.388900066
3.7	30	27	-1.443707119
3.7	30	36	-1.638700788
3.8	6	0	-0.091593772
3.8	6	9	-0.968576581
3.8	6	18	-1.314111239
3.8	6	27	-1.679882752
3.8	6	36	-3.219206519
3.8	6	45	-13.25021835
3.8	12	0	-0.102285068
3.8	12	9	-0.964209668
3.8	12	18	-1.302969933
3.8	12	27	-1.633311888
3.8	12	36	-2.915318393
3.8	18	0	-0.11352536
3.8	18	9	-0.962367601
3.8	18	18	-1.289323112
3.8	18	27	-1.572066144
3.8	18	36	-2.298457449
3.8	24	0	-0.12093117
3.8	24	9	-0.961025281
3.8	24	18	-1.281518549
3.8	24	27	-1.500493124
3.8	24	36	-2.321146597
3.8	30	0	-0.122235333
3.8	30	9	-0.960777088
3.8	30	18	-1.279387575
3.8	30	27	-1.395730835
3.8	30	36	-1.402153182
3.9	6	0	-0.139806401
3.9	6	9	-0.82492453
3.9	6	18	-1.185085919
3.9	6	27	-1.514931728
3.9	6	36	-2.55768099
3.9	6	45	-7.659786134
3.9	12	0	-0.147113817
3.9	12	9	-0.821798077
3.9	12	18	-1.175983066
3.9	12	27	-1.508827185
3.9	12	36	-2.374361615
3.9	18	0	-0.155259285
3.9	18	9	-0.821929854
3.9	18	18	-1.169324942
3.9	18	27	-1.425964729
3.9	18	36	-2.166838564
3.9	24	0	-0.16085039
3.9	24	9	-0.820780456
3.9	24	18	-1.16412359
3.9	24	27	-1.401491455
3.9	24	36	-2.004529202
3.9	30	0	-0.161570568
3.9	30	9	-0.820851891
3.9	30	18	-1.162554564
3.9	30	27	-1.3463324
3.9	30	36	-1.339262015
4	6	0	-0.146472418
4	6	9	-0.688457731
4	6	18	-1.053463449
4	6	27	-1.4253324
4	6	36	-2.165584842
4	6	45	-5.004058432
4	6	54	-17.96381799
4	12	0	-0.151068996
4	12	9	-0.686283888
4	12	18	-1.046891317
4	12	27	-1.396561493
4	12	36	-2.042601638
4	18	0	-0.156960502
4	18	9	-0.652135293
4	18	18	-1.04314082
4	18	27	-1.358316003
4	18	36	-1.893888453
4	24	0	-0.161145185
4	24	9	-0.686355724
4	24	18	-1.039886605
4	24	27	-1.252472435
4	24	36	-1.754080485
4	30	0	-0.161325704
4	30	9	-0.686540111
4	30	18	-1.03874268
4	30	27	-1.282983675
4	30	36	-1.331426426
4.1	6	0	-0.125667487
4.1	6	9	-0.559780327
4.1	6	18	-0.921044232
4.1	6	27	-1.305388044
4.1	6	36	-1.906442078
4.1	6	45	-3.672160073
4.1	6	54	-10.81796526
4.1	12	0	-0.128462712
4.1	12	9	-0.55817084
4.1	12	18	-0.916176516
4.1	12	27	-1.282414475
4.1	12	36	-1.819642119
4.1	12	45	-3.245241184
4.1	18	0	-0.132477967
4.1	18	9	-0.559329323
4.1	18	18	-0.914299863
4.1	18	27	-1.25186607
4.1	18	36	-1.707187079
4.1	18	45	-2.814336219
4.1	24	0	-0.135620181
4.1	24	9	-0.558943881
4.1	24	18	-0.912147655
4.1	24	27	-1.21855261
4.1	24	36	-1.586590921
4.1	24	45	-2.50386079
4.1	30	0	-0.135373995
4.1	30	9	-0.559147092
4.1	30	18	-0.911391581
4.1	30	27	-1.200407606
4.1	30	36	-1.324032346
4.1	30	45	-1.437274914
4.2	6	0	-0.088660654
4.2	6	9	-0.440437932
4.2	6	18	-0.790871709
4.2	6	27	-1.181435996
4.2	6	36	-1.710277844
4.2	6	45	-2.890652873
4.2	6	54	-6.974157947
4.2	12	0	-0.09023811
4.2	12	9	-0.439223375
4.2	12	18	-0.692338981
4.2	12	27	-1.162661371
4.2	12	36	-1.645998422
4.2	12	45	-2.632437682
4.2	18	0	-0.092985395
4.2	18	9	-0.440626185
4.2	18	18	-0.786759666
4.2	18	27	-1.060269737
4.2	18	36	-1.557542832
4.2	18	45	-2.350129251
4.2	24	0	-0.095198896
4.2	24	9	-0.440372118
4.2	24	18	-0.785340038
4.2	24	27	-1.111302105
4.2	24	36	-1.456490494
4.2	24	45	-2.115475456
4.2	30	0	-0.09473268
4.2	30	9	-0.440594154
4.2	30	18	-0.784715339
4.2	30	27	-1.102170793
4.2	30	36	-1.295847071
4.2	30	45	-1.397488153
4.3	6	0	-0.043772583
4.3	6	9	-0.331886009
4.3	6	18	-0.666657352
4.3	6	27	-1.055150607
4.3	6	36	-1.54355225
4.3	6	45	-2.400387143
4.3	6	54	-4.840785151
4.3	12	0	-0.044365251
4.3	12	9	-0.33096598
4.3	12	18	-0.663889382
4.3	12	27	-1.039682405
4.3	12	36	-1.493565349
4.3	12	45	-2.235871718
4.3	18	0	-0.046152447
4.3	18	9	-0.332444091
4.3	18	18	-0.664049725
4.3	18	27	-1.020251409
4.3	18	36	-1.422731542
4.3	18	45	-2.040295592
4.3	24	0	-0.047788239
4.3	24	9	-0.332290024
4.3	24	18	-0.662999524
4.3	24	27	-1.000783967
4.3	24	36	-1.33972387
4.3	24	45	-1.855422189
4.3	30	0	0.035922706
4.3	30	9	-0.33244931
4.3	30	18	-0.66246855
4.3	30	27	-0.994023033
4.3	30	36	-1.242532255
4.3	30	45	-1.382056403
4.4	6	0	0.003368224
4.4	6	9	-0.235162505
4.4	6	18	-0.550627804
4.4	6	27	-0.929934455
4.4	6	36	-1.390070412
4.4	6	45	-2.064454896
4.4	6	54	-3.608474908
4.4	12	0	0.003352864
4.4	12	9	-0.234261702
4.4	12	18	-0.548330065
4.4	12	27	-0.917060527
4.4	12	36	-1.350458157
4.4	12	45	-1.953798568
4.4	18	0	0.002137102
4.4	18	9	-0.235833538
4.4	18	18	-0.549022987
4.4	18	27	-0.901684697
4.4	18	36	-1.293317314
4.4	18	45	-1.811315574
4.4	24	0	0.001065668
4.4	24	9	-0.235648096
4.4	24	18	-0.548116712
4.4	24	27	-0.887296465
4.4	24	36	-1.226731764
4.4	24	45	-1.662077266
4.4	30	0	0.001952315
4.4	30	9	-0.235769731
4.4	30	18	-0.547579463
4.4	30	27	-0.881946222
4.4	30	36	-1.167834467
4.4	30	45	-1.356563882
4.5	6	0	0.048789635
4.5	6	9	-0.150572236
4.5	6	18	-0.444703138
4.5	6	27	-0.808920902
4.5	6	36	-1.244902116
4.5	6	45	-1.811105006
4.5	6	54	-2.857175181
4.5	12	0	0.04916333
4.5	12	9	-0.149827909
4.5	12	18	-0.442737577
4.5	12	27	-0.798359672
4.5	12	36	-1.212724194
4.5	12	45	-1.732646522
4.5	18	0	0.048355449
4.5	18	9	-0.15134327
4.5	18	18	-0.443581101
4.5	18	27	-0.786206428
4.5	18	36	-1.166692479
4.5	18	45	-1.624716391
4.5	24	0	0.047510319
4.5	24	9	-0.151095076
4.5	24	18	-0.442730901
4.5	24	27	-0.77503531
4.5	24	36	-1.114612233
4.5	24	45	-1.503209902
4.5	30	0	0.048616193
4.5	30	9	-0.151160236
4.5	30	18	-0.442243451
4.5	30	27	-0.770938881
4.5	30	36	-1.078060784
4.5	30	45	-1.310265421
4.6	6	0	0.090316199
4.6	6	9	-0.078157925
4.6	6	18	-0.350137315
4.6	6	27	-0.695193468
4.6	6	36	-1.106773689
4.6	6	45	-1.60467115
4.6	6	54	-2.196169408
4.6	12	0	0.090915798
4.6	12	9	-0.077382222
4.6	12	18	-0.348290981
4.6	12	27	-0.686362959
4.6	12	36	-0.945112881
4.6	12	45	-1.54605619
4.6	12	54	-2.210121151
4.6	18	0	0.090352646
4.6	18	9	-0.078878757
4.6	18	18	-0.349165479
4.6	18	27	-0.676868346
4.6	18	36	-1.043271469
4.6	18	45	-1.461629017
4.6	18	54	-2.021729009
4.6	24	0	0.089733419
4.6	24	9	-0.078555263
4.6	24	18	-0.348214877
4.6	24	27	-0.66789858
4.6	24	36	-1.000914252
4.6	24	45	-1.362700175
4.6	24	54	-1.829236739
4.6	30	0	0.090814594
4.6	30	9	-0.078545121
4.6	30	18	-0.347670951
4.6	30	27	-0.664523385
4.6	30	36	-0.979645711
4.6	30	45	-1.243198502
4.6	30	54	-1.461602902
4.7	6	0	0.126834967
4.7	6	9	-0.01718885
4.7	6	18	-0.267383346
4.7	6	27	-0.590502798
4.7	6	36	-0.976501526
4.7	6	45	-1.425736173
4.7	6	54	-2.023395072
4.7	12	0	0.127653793
4.7	12	9	-0.0165265
4.7	12	18	-0.265411911
4.7	12	27	-0.583152005
4.7	12	36	-0.955014308
4.7	12	45	-1.380664484
4.7	12	54	-1.915498431
4.7	18	0	0.127260068
4.7	18	9	-0.017897132
4.7	18	18	-0.266273458
4.7	18	27	-0.575614418
4.7	18	36	-0.924999644
4.7	18	45	-1.313323198
4.7	18	54	-1.779238826
4.7	24	0	0.126747518
4.7	24	9	-0.017492463
4.7	24	18	-0.265272253
4.7	24	27	-0.568262823
4.7	24	36	-0.893128357
4.7	24	45	-1.233028626
4.7	24	54	-1.628015329
4.7	30	0	0.127878893
4.7	30	9	-0.017406619
4.7	30	18	-0.264571852
4.7	30	27	-0.565483359
4.7	30	36	-0.87866588
4.7	30	45	-1.160063527
4.7	30	54	-1.394833851